&general
  PREFIX = si222
  MODE = suggest
  NAT = 64; NKD = 1
  KD = Si
/

&interaction
  NORDER = 1  # 1: harmonic, 2: cubic, ..
/

&cell
  20.406 # factor in Bohr unit
  1.0 0.0 0.0 # a1
  0.0 1.0 0.0 # a2
  0.0 0.0 1.0 # a3
/

&cutoff 
  Si-Si None
/

&position
  1 0.0000000000000000 0.0000000000000000 0.0000000000000000   
  1 0.0000000000000000 0.0000000000000000 0.5000000000000000
  1 0.0000000000000000 0.2500000000000000 0.2500000000000000
  1 0.0000000000000000 0.2500000000000000 0.7500000000000000
  1 0.0000000000000000 0.5000000000000000 0.0000000000000000
  1 0.0000000000000000 0.5000000000000000 0.5000000000000000
  1 0.0000000000000000 0.7500000000000000 0.2500000000000000
  1 0.0000000000000000 0.7500000000000000 0.7500000000000000
  1 0.1250000000000000 0.1250000000000000 0.1250000000000000
  1 0.1250000000000000 0.1250000000000000 0.6250000000000000
  1 0.1250000000000000 0.3750000000000000 0.3750000000000000
  1 0.1250000000000000 0.3750000000000000 0.8750000000000000
  1 0.1250000000000000 0.6250000000000000 0.1250000000000000
  1 0.1250000000000000 0.6250000000000000 0.6250000000000000
  1 0.1250000000000000 0.8750000000000000 0.3750000000000000
  1 0.1250000000000000 0.8750000000000000 0.8750000000000000
  1 0.2500000000000000 0.0000000000000000 0.2500000000000000
  1 0.2500000000000000 0.0000000000000000 0.7500000000000000
  1 0.2500000000000000 0.2500000000000000 0.0000000000000000
  1 0.2500000000000000 0.2500000000000000 0.5000000000000000
  1 0.2500000000000000 0.5000000000000000 0.2500000000000000
  1 0.2500000000000000 0.5000000000000000 0.7500000000000000
  1 0.2500000000000000 0.7500000000000000 0.0000000000000000
  1 0.2500000000000000 0.7500000000000000 0.5000000000000000
  1 0.3750000000000000 0.1250000000000000 0.3750000000000000
  1 0.3750000000000000 0.1250000000000000 0.8750000000000000
  1 0.3750000000000000 0.3750000000000000 0.1250000000000000
  1 0.3750000000000000 0.3750000000000000 0.6250000000000000
  1 0.3750000000000000 0.6250000000000000 0.3750000000000000
  1 0.3750000000000000 0.6250000000000000 0.8750000000000000
  1 0.3750000000000000 0.8750000000000000 0.1250000000000000
  1 0.3750000000000000 0.8750000000000000 0.6250000000000000
  1 0.5000000000000000 0.0000000000000000 0.0000000000000000
  1 0.5000000000000000 0.0000000000000000 0.5000000000000000
  1 0.5000000000000000 0.2500000000000000 0.2500000000000000
  1 0.5000000000000000 0.2500000000000000 0.7500000000000000
  1 0.5000000000000000 0.5000000000000000 0.0000000000000000
  1 0.5000000000000000 0.5000000000000000 0.5000000000000000
  1 0.5000000000000000 0.7500000000000000 0.2500000000000000
  1 0.5000000000000000 0.7500000000000000 0.7500000000000000
  1 0.6250000000000000 0.1250000000000000 0.1250000000000000
  1 0.6250000000000000 0.1250000000000000 0.6250000000000000
  1 0.6250000000000000 0.3750000000000000 0.3750000000000000
  1 0.6250000000000000 0.3750000000000000 0.8750000000000000
  1 0.6250000000000000 0.6250000000000000 0.1250000000000000
  1 0.6250000000000000 0.6250000000000000 0.6250000000000000
  1 0.6250000000000000 0.8750000000000000 0.3750000000000000
  1 0.6250000000000000 0.8750000000000000 0.8750000000000000
  1 0.7500000000000000 0.0000000000000000 0.2500000000000000
  1 0.7500000000000000 0.0000000000000000 0.7500000000000000
  1 0.7500000000000000 0.2500000000000000 0.0000000000000000
  1 0.7500000000000000 0.2500000000000000 0.5000000000000000
  1 0.7500000000000000 0.5000000000000000 0.2500000000000000
  1 0.7500000000000000 0.5000000000000000 0.7500000000000000
  1 0.7500000000000000 0.7500000000000000 0.0000000000000000
  1 0.7500000000000000 0.7500000000000000 0.5000000000000000
  1 0.8750000000000000 0.1250000000000000 0.3750000000000000
  1 0.8750000000000000 0.1250000000000000 0.8750000000000000
  1 0.8750000000000000 0.3750000000000000 0.1250000000000000
  1 0.8750000000000000 0.3750000000000000 0.6250000000000000
  1 0.8750000000000000 0.6250000000000000 0.3750000000000000
  1 0.8750000000000000 0.6250000000000000 0.8750000000000000
  1 0.8750000000000000 0.8750000000000000 0.1250000000000000
  1 0.8750000000000000 0.8750000000000000 0.6250000000000000
/

